                                 S.R.I.
                     1e année d'école d'ingénieurs
                               2022 - 23                                                      Pour information

                            Version V1
EVALUATION :          ELURO5C3 - Outils de Modélisation Informatique -
Graphes - F. Bannay - M-.C. Lagasquie - CC2 - lundi 24/2022                     Sur 6 pts   Sur 6 pts   Sur 4 pts   Sur 4 pts

                 Nom                 Prénom                 Notes/20             Exo 1       Exo 2       Exo 3       Exo 4
      22212673                                                          15,5      5,75         4           3          2,75
      22213442                                                           8,5      3,75        2,25         0          2,5
      22208344                                                          16,5       5          5,5          2           4
      22006643                                                         12,75       4          4,75         2           2
      22111156                                              Validé 2022
      22200727                                                            12       4           3,5         0,5         4
      22109358                                              Validé 2022
      21910114                                                            16        5           4           3          4
      22211169                                                         16,25        5         4,75         2,5         4
      21901098                                                             6      3,75        1,25          1          0
      21806226                                                             6        4           1           1          0
      22001175                                                            10        4           2           1          3
      22211358                                                            12       5,5         2,5          0          4
      22211192                                                         11,75      5,75          3           1          2
      22209750                                                            10        4          3,5         0,5         2
      21907935                                                         18,75      5,75          5           4          4
      22100778                                              Validé 2022
      21801463                                                          6,75      5,25         1           0,5         0
      22212378                                                          13,5       4          3,5           2          4
      22012163                                                          14,5      5,25        3,25          2          4
      22000315                                                           7,5      3,75        3,25         0,5         0
      22002471                                                         15,75      5,25        4,5           3          3
      22000875                                              ABI
      22209443                                                         11,75      2,25          3           3          3,5
      22114414                                                          6,75      1,25         2,5          0           3
      22014650                                                          9,75      3,75          3          1,5         1,5
      22003028                                                            11       4           3,5          2         1,5
      22007756                                                            15       4           4,5         2,5          4
      22003774                                                         10,25      2,5           4           3         0,75
      21915191                                                           7,5      4,5           0           1           2
      22213821                                              ABJ
      22211173                                                          5,75      2,25         3,5          0           0
      22002953                                                          7,75      3,75         1,5          0          2,5
      22005564                                                         13,75      5,25         3,5          1           4
      22211207                                                         15,75      5,75          6          2,5         1,5
      22110544                                                         10,25      2,25         3,5          1          3,5
      22209754                                                          8,25      2,25         1,5         2,5          2
      22203027                                                         13,75      5,25         2,5          3           3
      22109445                                              Validé 2022
      22005789                                                             8       4           2,5         0           1,5

                                           MOYENNE :                   11,331    4,169       3,162       1,544       2,456
                                                    Min :                5,75     1,25         0           0           0
                                                   Max :                18,75     5,75         6           4           4
                                             Ecart-type :               3,637    1,193       1,359       1,157       1,404
                         Notes inférieures à la moyenne :                  12      34         34          34          34
                                            MEDIANE:                   11,375    4,000       3,375       1,250       2,625
