                                    S.R.I.
                        1e année d'école d'ingénieurs
                                  2022 - 23                                                 Pour information

                              Version V1
EVALUATION :           ELURO5B2 - Outils mathématiques - S. DUROLA                      EVALUATI
                                                                                                     EVALUATI
- CC1 : composé de 2 CC                                                                   ON 1
                                                                                                        ON 2
- CC2 : Evaluation du 06/01/2023                                                         CC (les 2
                                                                                                      CT (exam)
                                                                                           CC)
                 Nom                          Prénom                Notes/20                30.00%       70.00%
  1   22212673                             13.75           15.5           13
  2   22213442                                  2.8              0            4
  3   22208344                               11.1           12.5        10.5
  4   22006643                               12.7           15.5        11.5
  5   22111156                               9.1           10.5          8.5
  6   22200727                                11.95           16.5           10
  7   22109358                                    0              0            0
  8   21910114                              12.65           16.5           11
  9   22211169                                 12.15             16        10.5
 10   21901098                               13.7           16.5        12.5
 11   21806226                              9.75           18.5            6
 12   22001175                                12.4             18           10
 13   22211358                              10.35             17          7.5
 14   22211192                                 5.1             10            3
 15   22209750                                 12.05             11         12.5
 16   21907935                              12.7           15.5         11.5
 17   22100778                                9.05              8          9.5
 18   21801463                                 13.35           16.5           12
 19   22212378                                16.45             14         17.5
 20   22012163                                 10.05           12.5            9
 21   22000315                                10.2            9.5        10.5
 22   22002471                                    13           16.5        11.5
 23   22000875                                   0              0            0
 24   22209443                                 10.95           15.5            9
 25   22114414                                  6.8             11            5
 26   22014650                                3.45           11.5            0
 27   22003028                               11.5           11.5        11.5
 28   22007756                                  12.6           17.5        10.5
 29   22003774                                 10.75             16          8.5
 30   21915191                                    0              0            0
 31   22213821                                  0              0            0
 32   22211173                                    9           12.5          7.5
 33   22002953                              10.8           18.5          7.5
 34   22005564                                11.75             17          9.5
 35   22211207                                 11.9           17.5          9.5
 36   22110544                                 7.7              0           11
 37   22209754                                11.4           13.5         10.5
 38   22203027                              12.95             14         12.5
 39   22109445                                 7.2           13.5          4.5
 40   22005789                               11.3             12           11

                                                   MOYENNE :                    9.610        12.200        8.500
                                                            Min :                   0             0            0
                                                           Max :                16.45          18.5         17.5
                                                     Ecart-type :               4.236          5.82         4.22
                                 Notes inférieures à la moyenne :                  14             8           20
                                                    MEDIANE:                   11.025        13.750        9.750
