                            S.R.I.
                1e année d'école d'ingénieurs
                          2022 - 23
                       Version V1
EVALUATION :           ELURO5C4 - Programmation Orientée                               Pour information :
Objet - TP - M.-C. Lagasquie                                                       chaque TP est noté sur 100.
                                                                       On fait la moyenne et on ramène la note finale sur
                                                                                               20


                Nom               Prénom           Notes/20            Sur 100 Sur 100      Sur 100   Sur 100   Sur 100

     22212673                                                 15.72      80       47.5        98        80        87.5
     22213442                                                   2.3     37.5       20         0         0           0
     22208344                                                 15.84      85        55         96        70         90
     22006643                                                 14.52     47.5       85        70.5       70         90
     22111156                                      Validé 2022
     22200727                                                 15.04      90        80         91        50         65
     22109358                                      Validé 2022
     21910114                                                 14.56      90        55         84        90         45
     22211169                                                  14.9      85       52.5        75        80         80
     21901098                                                 12.18      90        55         78        44        37.5
     21806226                                                  7.68      85       41.5        23        20        22.5
     22001175                                                    14      80       57.5       100        90        22.5
     22211358                                                 12.58      80       57.5        87        40         50
     22211192                                                 10.54      45       62.5        96        60          0
     22209750                                                  4.34      25        25         11        10        37.5
     21907935                                                 16.72      90        55         88       100         85
     22100778                                      Validé 2022
     21801463                                                 13.32      80       52.5        98        80        22.5
     22212378                                                 11.82      80        64         94        20        37.5
     22012163                                                 14.72      90       47.5        98        80        52.5
     22000315                                                 13.12      90        60         98        80         0
     22002471                                                  9.66      80       52.5        75        34         0
     22000875                                      ABI
     22209443                                                 14.86      90       62.5        84        50         85
     22114414                                                  6.18      35       37.5        82        0           0
     22014650                                      Validé 2022
     22003028                                                 15.12      95       52.5        98        90        42.5
     22007756                                                 12.66     47.5      87.5       66.5       70         45
     22003774                                                 15.38      90       82.5        92        70         50
     21915191                                      ABI                    0        0          0         0           0
     22213821                                      ABJ
     22211173                                                  6.98      20       22.5        98        34          0
     22002953                                                 14.32      80       52.5        98       100        27.5
     22005564                                                 14.52      90       57.5        98        80        37.5
     22211207                                                 10.46      40       87.5        89        20         25
     22110544                                                 14.42      85        50         98        80        47.5
     22209754                                                 12.44      90        45         96        80          0
     22203027                                                 14.08      85        60         87        70         50
     22109445                                      Validé 2022
     22005789                                                 14.72      90       47.5        98        90        42.5

                                  MOYENNE :                   12.491    71.742     53.652    80.152    58.545     38.712
                                           Min :                 2.3         0          0         0         0          0
                                          Max :                16.72        95       87.5       100       100         90
                                    Ecart-type :               3.539    25.613     19.052    28.660    30.993     29.673
                Notes inférieures à la moyenne :                   6         1          1         2         3          8
                                   MEDIANE:                   14.040    85.000     55.000    91.000    70.000     37.500
