                             S.R.I.
                  1e année d'école d'ingénieurs
                            2022 - 23
                          Version V1
EVALUATION :           ELUMC5A4 - EGE (Economie et Gestion
d'Entreprise) - M.-A. VERDIER, K. BRAVO, S. LALANDE, L. COT        Pour information : détail des notes
et J. ROQUET
                  Nom           Prénom         Notes/20            DROIT        ECO         GESTION
       22212673                                            10.32    14.0           8.0          7.8
       22213442                                             7.68    11.0           4.0          6.2
       22208344                                             9.04    13.5           6.0          6.1
       22006643                                            11.56    12.0          12.0         10.9
       22111156                                Validé 2022
       22200727                                            11.96    13.5           8.0         12.4
       22109358                                Validé 2022
       21910114                                            11.68    15.0           8.0         10.2
       22211169                                            10.68    15.0           4.0          9.7
       21901098                                             11.6    15.5          10.0          8.5
       21806226                                             11.6    15.0          12.0          8.0
       22001175                                            14.32    14.5          14.0         14.3
       22211358                                            10.84    13.5           8.0          9.6
       22211192                                              7.8    10.0           8.0          5.5
       22209750                                             8.04    12.0           6.0          5.1
       21907935                                            11.08    15.5          10.0          7.2
       22100778                                Validé 2022
       21801463                                            11.24    14.5          10.0          8.6
       22212378                                             7.88    10.0           4.0          7.7
       22012163                                              9.6    11.0           8.0          9.0
       22000315                                             9.24    12.0           8.0          7.1
       22002471                                            10.68    12.5          10.0          9.2
       22000875                                ABI
       22209443                                            11.92    14.5          10.0         10.3
       22114414                                               10    14.5           6.0          7.5
       22014650                                Validé 2022
       22003028                                            10.16    11.0          10.0          9.4
       22007756                                            11.56    12.5          14.0          9.4
       22003774                                            10.28    11.5          10.0          9.2
       21915191                                ABI                   0.0           0.0          0.0
       22213821                                ABJ                   0.0           0.0          0.0
       22211173                                            10.48    13.0           6.0         10.2
       22002953                                            11.24    15.0          14.0          6.1
       22005564                                             9.44    11.0           8.0          8.6
       22211207                                            12.56    15.0          10.0         11.4
       22110544                                Validé 2022
       22209754                                             8.96    13.0           6.0          6.4
       22203027                                             9.48    14.0           2.0          8.7
       22109445                                Validé 2022
       22005789                                            10.04    11.5          10.0          8.6


                                       MOYENNE :          10.418      12.318        8.000         8.148
                                                Min :       7.68           0            0             0
                                               Max :       14.32        15.5           14          14.3
                                         Ecart-type :      1.509       3.575        3.571         2.882
                     Notes inférieures à la moyenne :         10           2           19            26
                                        MEDIANE:          10.480      13.000        8.000         8.600
