                            S.R.I.
                1e année d'école d'ingénieurs
                          2022 - 23                                               Pour information

                       Version V1
EVALUATION :      ELUMC5A1 - Langues (LV1 - Anglais) - C.
                                                                            CC1          CC2         Global
HIRST
                                                                          Listening    Summary       Exam

                                                                           42,5%        42,5%         15%
               Nom             Prénom                Notes/20
                                                                          -> 50%       -> 50%        -> 0%
    22212673                                                       17.2          17         17.4               9
    22213442                                                       15.2        15.8         14.6               0
    22208344                                                       18.6          19         18.2               9
    22006643                                                       14.3        14.6           14               5
    22111156                                         Validé 2022
    22200727                                                        16           16          16                9
    22109358                                         Validé 2022
    21910114                                                     17.3           17.6          17               9
    22211169                                                    16.85           17.2        16.5               8
    21901098                                                     15.6           16.2          15               6
    21806226                                                     16.5           16.2        16.8               8
    22001175                                                     14.8             15        14.6               6
    22211358                                                     15.4           15.8          15               9
    22211192                                                     15.4             16        14.8               0
    22209750                                                     14.2           14.6        13.8               5
    21907935                                                     15.7           16.6        14.8              10
    22100778                                         Validé 2022
    21801463                                                     16.6           16.2          17              10
    22212378                                                     13.8           14.6          13               5
    22012163                                                     15.5           16.6        14.4               9
    22000315                                                     14.4             15        13.8               6
    22002471                                                       18             18          18              10
    22000875                                         ABI                                                       0
    22209443                                                     15.5            16           15               7
    22114414                                                     18.7            19         18.4               7
    22014650                                         Validé 2022
    22003028                                                     14.7           15.4          14               4
    22007756                                                     15.6           16.2          15               9
    22003774                                                     14.3           14.8        13.8               5
    21915191                                         ABI                        ABI         ABI                0
    22213821                                         ABJ                        ABI         ABI                0
    22211173                                                     15.6           16.2          15               8
    22002953                                                     14.9             15        14.8               7
    22005564                                                     15.6           16.6        14.6               9
    22211207                                                     18.8             19        18.6              10
    22110544                                         Validé 2022
    22209754                                                     15.9           15.8         16                5
    22203027                                                       19             19         19               10
    22109445                                         Validé 2022
    22005789                                                       15           15.4        14.6              6

                                    MOYENNE :                   15.966       16.335      15.597         6.471
                                             Min :                13.8         14.6          13             0
                                            Max :                   19           19          19            10
                                      Ecart-type :               1.457        1.341       1.647         3.250
                  Notes inférieures à la moyenne :                   0            0           0            29
                                     MEDIANE:                   15.600       16.200      15.000         7.000
