                              S.R.I.
                  1e année d'école d'ingénieurs
                            2022 - 23
                         Version V1
EVALUATION :      ELUMC5B1 - INFORMATIQUE - TP - M.-C.                       Devoir       QCM      Malus pour
LAGASQUIE - I. FERRANE                                                     préliminaire            non rendu
NOTES COMPLETES pour la partie TP.                                                                  des TP


                Nom                Prénom                Notes/20             Sur 5       Sur 15     Sur -1
     22212673                                                  14.3            2.55       11.75          0
     22213442                                                  8.83            3.03        6.13       -0.33
     22208344                                                 13.02            2.02         11           0
     22006643                                                 12.33            3.57        8.93       -0.17
     22111156                                                  8.99            2.16         7         -0.17
     22200727                                                 16.08            4.2        11.88          0
     22109358                                            Validé 2022           NC          NC          NC
     21910114                                                 14.46            3.46         11           0
     22211169                                                 16.12            3.47       12.65          0
     21901098                                                 11.91            1.16       10.75          0
     21806226                                                  7.15            2.34        4.98       -0.17
     22001175                                                 13.25            3.25         10           0
     22211358                                                 16.84            3.96       12.88          0
     22211192                                                 10.35            3.22        7.13          0
     22209750                                                  6.39            1.39         5            0
     21907935                                                 17.32            3.44       13.88          0
     22100778                                            Validé 2022           NC          NC          NC
     21801463                                                 14.14            3.44        10.7          0
     22212378                                                 11.21            2.5         8.88       -0.17
     22012163                                                 11.38            4.33        7.05          0
     22000315                                                 14.02            3.64       10.38          0
     22002471                                                 12.82            2.57       10.25          0
     22000875                                                    0              0           0           -1
     22209443                                                 10.98            1.78        9.2           0
     22114414                                                   3.8             0          4.05       -0.25
     22014650                                            Validé 2022           NC          NC          NC
     22003028                                                 14.36            3.51       10.85          0
     22007756                                                  12.4            3.33        9.15       -0.08
     22003774                                                 10.97            1.69        9.45       -0.17
     21915191                                                  1.93            2.93         0           -1
     22213821                                                    0              0           0           -1
     22211173                                                 10.69            3.86        6.83          0
     22002953                                                 10.36            3.46        6.9           0
     22005564                                                 16.02            3.14       12.88          0
     22211207                                                 10.26            3.01        7.25          0
     22110544                                                 12.63            3.43        9.2           0
     22209754                                                  8.79            1.23        7.73       -0.17
     22203027                                                 15.64            2.84        12.8          0
     22109445                                            Validé 2022           NC          NC          NC
     22005789                                                 14.92            3.42        11.5          0
                                                                              Sur 5       Sur 15
                                        MOYENNE :                 11.241      2.704       8.611      -0.130
                                                 Min :                 0         0          0          -1
                                                Max :              17.32       4.33       13.88         0
                                          Ecart-type :             4.428      1.152       3.600
                      Notes inférieures à la moyenne :                 9         0          0
                                         MEDIANE:                 12.120      3.085       9.200
