                            S.R.I.
                1e année d'école d'ingénieurs                     Détails de la note de
                          2022 - 23                                                                       Détails de la note de l’exam écrit
                                                                        CC2 TD
                       Version V1
EVALUATION : ELUMC5B1 INFORMATIQUE -                                          Exam
CC2 - TD - Evaluation du 13/12/2022 (15 pts) et                   Leçons      (écrit
                                                                                          Exo 1   Exo 2     Exo 3    Exo 4    Exo 5    Bonus   Total écrit
Leçons (5 pts)                                                    (sur 5)    ramené
                                                                             sur 15)

                  Nom         Prénom           Notes/20            Sur 5      Sur 15      Sur 4   Sur 4     Sur 3    Sur 3    Sur 6    Sur 2   Sur 20(+2)
     22212673                                       11.665          3.79       7.875       2.5      2        2.5       2.5      1        0        10.5
     22213442                                         5.83          0.58        5.25        2       2        0.5       2.5      0        0          7
     22208344                                        17.25          3.75        13.5        4       4         3         3       4        0         18
     22006643                                        10.69          3.19        7.5         4       0         2         3       1        0         10
     22111156                                        7.415          4.04       3.375       2.5      0         0         2       0        0        4.5
     22200727                                        9.855          3.48       6.375       1.5     2.5        1        2.5      1        0        8.5
     22109358                                  Validé 2022
     21910114                                       12.805          4.18      8.625        2.5      3         1         2       3        0        11.5
     22211169                                       11.065          3.19      7.875        3.5      0         2         3       1        1        10.5
     21901098                                       10.08           3.33       6.75        1.5      4         0        2.5      1        0          9
     21806226                                       4.315           3.94      0.375         0       0         0        0.5      0        0         0.5
     22001175                                       10.875           4.5       6.375        0      3.5        0         3       0        2         8.5
     22211358                                       15.425           3.8      11.625        4       4         2         3       1       1.5       15.5
     22211192                                         8.51          1.01        7.5        2.5     2.5        2         3       0        0         10
     22209750                                         4.21          1.21         3          0       0         1        1.5     1.5       0          4
     21907935                                        16.53          4.53        12          4       0         2         3       6        1         16
     22100778                                  Validé 2022
     21801463                                        8.085          3.21       4.875        2       0        1.5        3       0        0         6.5
     22212378                                          9.3           3.3          6         1       0        2.5       2.5      1        1          8
     22012163                                        8.545          4.42       4.125        2       0         1        1.5      1        0         5.5
     22000315                                         10.7          3.95        6.75        3       0         0         3       3        0          9
     22002471                                        9.645          4.02       5.625        1       0         2        0.5      4        0         7.5
     22000875                                         2.55          2.55          0                                                                 0
     22209443                                        11.15          3.65         7.5        2      2.5       1.5        3       1        0         10
     22114414                                       5.755           0.88       4.875        2       2         2        0.5      0        0         6.5
     22014650                                  Validé 2022
     22003028                                       14.645          4.52      10.125        3      3.5        3         3       1        0        13.5
     22007756                                       10.305          3.93       6.375       2.5      1        2.5       1.5      1        0         8.5
     22003774                                       13.305          2.43      10.875        4       4        2.5        3       1        0        14.5
     21915191                                         3.16          3.16         0                                                                  0
     22213821                                         0.21          0.21         0                                                                  0
     22211173                                         5.98          3.73       2.25        1.5      0         0        1.5      0        0          3
     22002953                                         9.93          3.93         6         0.5     2.5        0         2       1        2          8
     22005564                                       14.575          4.45      10.125       1.5     2.5       2.5        3       4        0        13.5
     22211207                                        10.39          3.64       6.75        2.5      0        1.5        3       2        0          9
     22110544                                         7.85          3.35        4.5         2       1         0         2       1        0          6
     22209754                                         8.82          4.32        4.5         0       0         2         3       1        0          6
     22203027                                       12.705          4.08      8.625        3.5      4         1         3       0        0        11.5
     22109445                                  Validé 2022
     22005789                                        8.685          4.56       4.125        1      2.5       0.5       1.5      0        0         5.5

                              MOYENNE :                   9.523    3.356       6.167      2.106   1.606     1.364     2.348   1.288    0.258     8.222
                                       Min :               0.21    0.21          0          0       0         0        0.5      0        0         0
                                      Max :               17.25     4.56        13.5        4       4         3         3       6        2        18
                                Ecart-type :              3.895
            Notes inférieures à la moyenne :                 19      0           0         12      16         0         0       27                 23
                               MEDIANE:                   9.893
